0.000
33.324
66.664
99.968
133.289
166.609
199.932
233.252
266.575
299.894
333.217
366.535
399.857
433.178
466.498
499.822
533.141
566.462
599.783
633.104
666.425
699.746
733.070
766.388
799.709
833.033
866.353
899.674
932.996
966.316
999.638
1032.958
1066.280
1099.599
1132.924
1166.245
1199.567
1232.887
1266.210
1299.529
1332.851
1366.176
1399.491
1432.816
1466.138
1499.458
1532.777
1566.103
1599.418
1632.741
1666.064
1699.383
1732.706
1766.031
1799.346
1832.670
1865.992
1899.315
1932.635
1965.957
1999.277
2032.595
2065.916
2099.236
2132.565
2165.881
2199.204
2232.527
2265.843
2299.167
2332.489
2365.809
2399.128
2432.452
2465.774
2499.091
2532.411
2565.737
2599.054
2632.379
2665.699
2699.017
2732.338
2765.660
2798.981
2832.301
2865.625
2898.944
2932.266
2965.589
2998.913
3032.230
3065.556
3098.874
3132.205
3165.517
3198.834
3232.156
3265.483
3298.801
3332.119
3365.440
3398.761
3432.083
3465.405
3498.726
3532.047
3565.373
3598.687
3632.009
3665.336
3698.652
3731.975
3765.297
3798.616
3831.935
3865.260
3898.579
3931.901
3965.226
3998.548
4031.867
4065.183
4098.506
4131.827
4165.150
4198.474
4231.790
4265.110
4298.433
4331.757
4365.075
4398.401
4431.723
4465.043
4498.366
4531.682
4565.002
4598.331
4631.644
4664.967
4698.288
4731.606
4764.930
4798.251
4831.572
4864.893
4898.214
4931.533
4964.855
4998.177
5031.498
5064.822
5098.141
5131.461
5164.783
5198.106
5231.425
5264.749
5298.073
5331.387
5364.711
5398.034
5431.352
5464.674
5497.995
5531.318
5564.637
5597.958
5631.281
5664.601
5697.929
5731.242
5764.564
5797.887
5831.204
5864.526
5897.851
5931.170
5964.490
5997.812
6031.131
6064.453
6097.776
6131.095
6164.422
6197.743
6231.062
6264.382
6297.707
6331.022
6364.346
6397.669
6430.987
6464.316
6497.635
6530.949
6564.273
6597.596
6630.914
6664.238
6697.564
6730.876
6764.208
6797.527
6830.841
6864.164
6897.489
6930.804
6964.129
6997.447
7030.767
7064.091
7097.412
7130.729
7164.053
7197.373
7230.694
7264.020
7297.340
7330.661
7363.985
7397.300
7430.624
7463.947
7497.263
7530.587
7563.907
7597.233
7630.551
7663.871
7697.190
7730.515
7763.835
7797.156
7830.482
7863.796
7897.118
7930.481
7963.758
7997.081
8030.405
8063.722
8097.041
8130.366
8163.686
8197.005
8230.326
8263.649
8296.969
8330.290
8363.612
8396.933
8430.253
8463.576
8496.897
8530.217
8563.538
8596.859
8630.183
8663.503
8696.824
8730.149
8763.466
8796.792
8830.111
8863.430
8896.753
8930.077
8963.392
8996.716
9030.039
9063.358
9096.685
9130.004
9163.321
9196.667
9229.965
9263.283
9296.608
9329.933
9363.252
9396.568
9429.894
9463.210
9496.534
9529.859
9563.181
9596.496
9629.822
9663.139
9696.464
